1|0|2|6|8|u|0|_|a|2|6|8
تا 40 روژ 2023/3/6
1|0|5|1|1|u|0|_|a|5|1|1
خوم
1|0|2|1|0|u|0|_|a|2|1|0
1|0|4|1|0|u|0|_|a|4|1|0
1|0|2|2|8|u|0|_|a|2|2|8
1|0|3|9|2|u|0|_|a|3|9|2
1|0|2|1|1|u|0|_|a|2|1|1
Free 5
1|0|3|9|4|u|0|_|a|3|9|4
1|0|1|7|9|u|0|_|a|1|7|9
1|0|3|9|7|u|0|_|a|3|9|7
1|0|3|0|5|u|0|_|a|3|0|5
1|0|2|5|2|u|0|_|a|2|5|2
1|0|2|4|8u|0|_|a|2|4|8
1|0|3|1|6|u|0|_|a|3|1|6
1|0|1|2|6|u|0|_|a|1|2|6
1|0|8|6|7|u|0|_|a|8|6|7
1|0|2|3|3|u|0|_|a|2|3|3
1|0|2|4|8|u|0|_|a|2|4|8
1|0|8|3|5|u|0|_|a|8|3|5
1|0|3|2|0|u|0|_|a|3|2|0
